0.3019 	 4.8599 	 7.2577 	 12.2450 	 37.9960 	 22.6757 	 18.3871 	 0.0548 	 1150.4172 
15.8483 	 0.2512 	 0.0155 	 2.3845 	 9.2584 	 87.3912 	 5.1283 	 1.0000 	 2079.4415 
0.3019 	 4.8599 	 7.2577 	 12.2450 	 37.9960 	 22.6757 	 18.3871 	 0.0548 	 1150.4172 
0.3019 	 4.8599 	 7.2577 	 12.2450 	 37.9960 	 22.6757 	 18.3871 	 0.0548 	 1150.4172 
16.0157 	 0.3390 	 0.1120 	 0.0391 	 0.3302 	 33.6702 	 12.4559 	 1.0000 	 2079.4415 
0.3019 	 4.8599 	 7.2577 	 12.2450 	 37.9960 	 22.6757 	 18.3871 	 0.0548 	 1150.4172 
0.3019 	 4.8599 	 7.2577 	 12.2450 	 37.9960 	 22.6757 	 18.3871 	 0.0548 	 1150.4172 
0.3019 	 4.8599 	 7.2577 	 12.2450 	 37.9960 	 22.6757 	 18.3871 	 0.0548 	 1150.4172 
0.3019 	 4.8599 	 7.2577 	 12.2450 	 37.9960 	 22.6757 	 18.3871 	 0.0548 	 1150.4172 
0.3019 	 4.8599 	 7.2577 	 12.2450 	 37.9960 	 22.6757 	 18.3871 	 0.0548 	 1150.4172 
0.6450 	 8.4876 	 10.6788 	 6.1160 	 0.1526 	 40.6688 	 67.7229 	 1.0000 	 2079.4415 
0.3019 	 4.8599 	 7.2577 	 12.2450 	 37.9959 	 22.6757 	 18.3871 	 0.0548 	 1150.4172 
0.3019 	 4.8599 	 7.2577 	 12.2450 	 37.9959 	 22.6757 	 18.3871 	 0.0548 	 1150.4172 
0.3019 	 4.8599 	 7.2577 	 12.2450 	 37.9960 	 22.6757 	 18.3871 	 0.0548 	 1150.4172 
0.3019 	 4.8599 	 7.2577 	 12.2450 	 37.9960 	 22.6757 	 18.3871 	 0.0548 	 1150.4172 
0.3019 	 4.8599 	 7.2577 	 12.2450 	 37.9959 	 22.6757 	 18.3871 	 0.0548 	 1150.4172 
0.1814 	 0.7774 	 3.2846 	 11.7908 	 0.1506 	 58.4434 	 87.5717 	 1.0000 	 2079.4415 
0.3019 	 4.8599 	 7.2577 	 12.2450 	 37.9960 	 22.6757 	 18.3871 	 0.0548 	 1150.4172 
0.3019 	 4.8599 	 7.2577 	 12.2450 	 37.9960 	 22.6757 	 18.3871 	 0.0548 	 1150.4172 
0.0222 	 1.2447 	 16.3030 	 0.0480 	 0.6231 	 67.3568 	 4.0717 	 1.0000 	 2079.4415 
0.0235 	 4.8852 	 4.5218 	 75.8182 	 0.0235 	 17.1374 	 89.5199 	 0.4065 	 1589.1931 
0.3019 	 4.8599 	 7.2577 	 12.2450 	 37.9960 	 22.6757 	 18.3871 	 0.0548 	 1150.4172 
0.3019 	 4.8599 	 7.2577 	 12.2450 	 37.9960 	 22.6757 	 18.3871 	 0.0548 	 1150.4172 
0.3019 	 4.8599 	 7.2577 	 12.2450 	 37.9960 	 22.6757 	 18.3871 	 0.0548 	 1150.4172 
14.8105 	 0.0107 	 1.1965 	 16.8772 	 17.1891 	 86.2568 	 17.4092 	 1.0000 	 2079.4402 
0.0752 	 0.0497 	 0.1288 	 12.8938 	 1.6505 	 36.5125 	 16.4136 	 1.0000 	 2079.4415 
0.3019 	 4.8599 	 7.2577 	 12.2450 	 37.9960 	 22.6757 	 18.3871 	 0.0548 	 1150.4172 
14.4414 	 0.3368 	 0.1569 	 1.3028 	 13.8192 	 63.1780 	 33.9397 	 1.0000 	 2079.4415 
6.4512 	 1.6035 	 1.6108 	 0.1714 	 0.0209 	 16.1524 	 9.5803 	 1.0000 	 2079.4415 
0.3019 	 4.8599 	 7.2577 	 12.2449 	 37.9960 	 22.6757 	 18.3871 	 0.0548 	 1150.4172 
0.3019 	 4.8599 	 7.2577 	 12.2450 	 37.9959 	 22.6757 	 18.3871 	 0.0548 	 1150.4172 
0.0212 	 0.5493 	 0.0778 	 15.8861 	 0.2512 	 84.5029 	 43.6226 	 1.0000 	 2079.4415 
0.3019 	 4.8599 	 7.2577 	 12.2450 	 37.9960 	 22.6757 	 18.3871 	 0.0548 	 1150.4172 
0.3019 	 4.8599 	 7.2577 	 12.2450 	 37.9960 	 22.6757 	 18.3871 	 0.0548 	 1150.4172 
0.3019 	 4.8599 	 7.2577 	 12.2449 	 37.9959 	 22.6757 	 18.3871 	 0.0548 	 1150.4172 
0.3019 	 4.8599 	 7.2577 	 12.2449 	 37.9959 	 22.6757 	 18.3871 	 0.0548 	 1150.4172 
0.3019 	 4.8599 	 7.2577 	 12.2450 	 37.9960 	 22.6757 	 18.3871 	 0.0548 	 1150.4172 
0.3019 	 4.8599 	 7.2577 	 12.2450 	 37.9960 	 22.6757 	 18.3871 	 0.0548 	 1150.4172 
0.3019 	 4.8599 	 7.2577 	 12.2450 	 37.9960 	 22.6757 	 18.3871 	 0.0548 	 1150.4172 
0.8359 	 5.1833 	 11.8597 	 0.0389 	 0.3920 	 55.4349 	 83.8046 	 1.0000 	 2079.4415 
0.3019 	 4.8599 	 7.2577 	 12.2450 	 37.9960 	 22.6757 	 18.3871 	 0.0548 	 1150.4172 
0.3019 	 4.8599 	 7.2577 	 12.2450 	 37.9959 	 22.6757 	 18.3871 	 0.0548 	 1150.4172 
0.3019 	 4.8599 	 7.2577 	 12.2450 	 37.9959 	 22.6757 	 18.3871 	 0.0548 	 1150.4172 
79.7540 	 51.9050 	 0.0100 	 0.0100 	 79.7540 	 4.1387 	 42.7390 	 0.5380 	 1660.8496 
0.3019 	 4.8599 	 7.2577 	 12.2450 	 37.9960 	 22.6757 	 18.3871 	 0.0548 	 1150.4172 
0.1330 	 31.3187 	 4.6964 	 28.6489 	 0.1330 	 47.1593 	 6.6163 	 0.6773 	 1960.8775 
1.3400 	 10.1617 	 27.5453 	 17.7287 	 0.3364 	 0.1646 	 48.6926 	 1.0000 	 2079.4415 
0.3019 	 4.8599 	 7.2577 	 12.2450 	 37.9960 	 22.6757 	 18.3871 	 0.0548 	 1150.4172 
0.3019 	 4.8599 	 7.2577 	 12.2450 	 37.9960 	 22.6757 	 18.3871 	 0.0548 	 1150.4172 
0.3019 	 4.8599 	 7.2577 	 12.2450 	 37.9960 	 22.6757 	 18.3871 	 0.0548 	 1150.4172 
