1.8174 	 0.5675 	 0.6035 	 0.7865 	 0.8562 	 10.9698 	 0.0112 	 1872.7275 
2.5127 	 6.1255 	 0.0284 	 7.2101 	 0.0778 	 0.0210 	 1.0000 	 2079.4416 
23.7928 	 3.0319 	 3.7631 	 6.6449 	 6.7714 	 14.8123 	 0.3963 	 1876.9302 
23.7918 	 3.0317 	 3.7630 	 6.6447 	 6.7712 	 14.8123 	 0.3963 	 1876.9302 
165 	 6.9740 	 15.6468 	 1.5084 	 2.5979 	 5.4240 	 1.0000 	 2079.4415 
9.0963 	 0.0100 	 0.0100 	 0.0100 	 0.0100 	 0.0146 	 0.8831 	 2078.2570 
6.5482 	 1.5017 	 0.1294 	 19.8872 	 0.0161 	 0.3521 	 1.0000 	 2079.4415 
2.9570 	 3.4650 	 0.0479 	 0.4059 	 0.3160 	 3.3637 	 1.0000 	 2079.4415 
1.5620 	 0.0872 	 0.2509 	 0.2385 	 0.0418 	 0.0253 	 1.0000 	 2079.4415 
22.7206 	 0.1492 	 0.6787 	 0.0625 	 1.9407 	 0.0775 	 1.0000 	 2079.4415 
4705 	 5.8395 	 14.8065 	 0.2712 	 0.0320 	 0.0319 	 1.0000 	 2079.4415 
1.9242 	 0.5489 	 1.8897 	 0.8986 	 0.6383 	 1.1320 	 1.0000 	 2079.4415 
810 	 0.6843 	 0.3546 	 0.1620 	 5.4744 	 1.5141 	 1.0000 	 2079.4415 
1.8178 	 0.5676 	 0.6037 	 0.7867 	 0.8564 	 10.9708 	 0.0112 	 1872.7275 
184 	 0.5980 	 3.6142 	 17.6125 	 0.0307 	 1.1236 	 1.0000 	 2079.4415 
191 	 0.1326 	 0.0394 	 0.3888 	 0.1132 	 0.8467 	 1.0000 	 2079.4415 
1.8174 	 0.5675 	 0.6036 	 0.7865 	 0.8562 	 10.9698 	 0.0112 	 1872.7275 
23.7933 	 3.0319 	 3.7632 	 6.6450 	 6.7715 	 14.8124 	 0.3963 	 1876.9302 
1.8175 	 0.5675 	 0.6036 	 0.7865 	 0.8562 	 10.9699 	 0.0112 	 1872.7275 
1.5538 	 1.2589 	 1.5325 	 1.5054 	 1.2542 	 21.4249 	 0.6933 	 1936.0762 
1935 	 0.6960 	 0.6107 	 0.6405 	 0.5394 	 0.7392 	 1.0000 	 2079.4415 
1237 	 0.0527 	 0.0186 	 0.0388 	 0.0595 	 0.0236 	 1.0000 	 2079.4415 
1.3391 	 1.3201 	 1.4375 	 1.4753 	 1.4815 	 20.3217 	 0.6933 	 1936.0762 
4455 	 0.2661 	 0.1340 	 9.5840 	 0.1693 	 0.0242 	 1.0000 	 2079.4415 
1.6758 	 1.4207 	 1.4169 	 1.3541 	 1.3670 	 17.9974 	 0.6933 	 1936.0762 
9.6023 	 0.0100 	 0.0100 	 0.0100 	 0.0100 	 0.0144 	 0.8824 	 2078.2570 
1.4987 	 0.5784 	 0.3095 	 0.5668 	 0.6254 	 2.6760 	 1.0000 	 2079.4415 
1.8174 	 0.5675 	 0.6036 	 0.7865 	 0.8562 	 10.9699 	 0.0112 	 1872.7275 
217 	 16.8184 	 3.2174 	 0.4483 	 0.3174 	 0.3787 	 1.0000 	 2079.4415 
5066 	 0.4142 	 4.5210 	 3.2416 	 0.7316 	 0.2002 	 1.0000 	 2079.4415 
6750 	 0.1665 	 18.7170 	 10.2606 	 0.6794 	 1.9991 	 1.0000 	 2079.4415 
583 	 0.0928 	 0.1604 	 0.0606 	 0.8296 	 0.0422 	 1.0000 	 2079.4415 
453 	 0.0642 	 0.2411 	 0.1163 	 10.8204 	 0.3258 	 1.0000 	 2079.4415 
15.2191 	 27.2488 	 0.3245 	 0.0267 	 0.0831 	 0.2817 	 1.0000 	 2079.4415 
897 	 0.1962 	 0.1457 	 0.0577 	 0.0271 	 0.0866 	 1.0000 	 2079.4415 
5216 	 0.1351 	 0.4701 	 0.2737 	 2.6037 	 0.0134 	 1.0000 	 2079.4415 
23.7923 	 3.0318 	 3.7630 	 6.6448 	 6.7713 	 14.8123 	 0.3963 	 1876.9302 
7192 	 0.2113 	 0.1319 	 0.1350 	 0.1102 	 0.5543 	 1.0000 	 2079.4415 
7.9841 	 0.1076 	 0.6117 	 1.4407 	 0.0509 	 0.0247 	 1.0000 	 2079.4417 
23.7931 	 3.0319 	 3.7631 	 6.6449 	 6.7714 	 14.8123 	 0.3963 	 1876.9302 
3.0778 	 1.5517 	 10.8281 	 9.4241 	 0.1497 	 4.4311 	 1.0000 	 2079.4415 
161 	 1.8744 	 0.4491 	 0.4012 	 13.1381 	 1.8937 	 1.0000 	 2079.4415 
9.1850 	 0.0100 	 0.0100 	 0.0100 	 0.0100 	 0.0146 	 0.8829 	 2078.2571 
1.8174 	 0.5674 	 0.6035 	 0.7865 	 0.8562 	 10.9697 	 0.0111 	 1872.7275 
1.8178 	 0.5676 	 0.6037 	 0.7867 	 0.8564 	 10.9707 	 0.0112 	 1872.7275 
1.8175 	 0.5675 	 0.6036 	 0.7865 	 0.8562 	 10.9699 	 0.0112 	 1872.7275 
4162 	 0.1442 	 0.1258 	 0.1839 	 0.1470 	 0.0612 	 1.0000 	 2079.4415 
7.2224 	 4.4663 	 0.0189 	 0.2329 	 0.5370 	 0.2958 	 1.0000 	 2079.4415 
9.2141 	 0.0100 	 0.0100 	 0.0100 	 0.0100 	 0.0146 	 0.8828 	 2078.2570 
1.8174 	 0.5674 	 0.6035 	 0.7865 	 0.8562 	 10.9697 	 0.0111 	 1872.7275 
1.3850 	 0.0829 	 0.2277 	 0.3820 	 18.0275 	 0.2862 	 1.0000 	 2079.4415 
