33.3851 	 33.4343 	 33.2067 	 1.5324 	 1.3638 	 0.0000 	 27.7360 	 0.5487 	 1788.4007 
29.3325 	 29.3791 	 29.3869 	 29.3905 	 1.4161 	 0.0069 	 40.4265 	 0.4372 	 1745.5342 
0.3242 	 16.9657 	 6.3064 	 24.0100 	 2.0994 	 3.2787 	 76.4134 	 1.0000 	 2079.4415 
55.8362 	 0.6405 	 55.9314 	 0.0145 	 1.0662 	 0.0006 	 15.1680 	 0.5360 	 1781.1473 
32.3505 	 32.4194 	 32.4314 	 32.4365 	 5.3002 	 0.0076 	 26.0028 	 0.4379 	 1745.3990 
1.0046 	 10.0767 	 26.7469 	 17.7171 	 18.9301 	 4.7427 	 4.6687 	 0.2143 	 1678.8608 
1.4134 	 12.0182 	 18.0603 	 18.2342 	 20.8254 	 3.8956 	 3.8680 	 0.2159 	 1678.9431 
1.4135 	 12.0185 	 18.0604 	 18.2344 	 20.8255 	 3.8955 	 3.8679 	 0.2159 	 1678.9431 
25.9372 	 0.0159 	 25.9716 	 25.9738 	 25.9766 	 0.0039 	 70.1857 	 0.4011 	 1722.9913 
37.1503 	 0.3375 	 1.5990 	 13.2103 	 37.1924 	 0.0001 	 49.9481 	 0.5275 	 1774.5202 
0.5142 	 8.7398 	 0.5370 	 0.4673 	 17.6095 	 25.6285 	 67.9815 	 1.0000 	 2079.4415 
1.4136 	 12.0191 	 18.0601 	 18.2345 	 20.8257 	 3.8953 	 3.8677 	 0.2159 	 1678.9431 
0.8695 	 0.4861 	 0.0144 	 0.1610 	 0.0405 	 71.4416 	 28.0126 	 1.0000 	 2079.4415 
1.0006 	 10.0224 	 26.6912 	 17.6365 	 18.5140 	 4.7683 	 4.6933 	 0.2135 	 1678.8614 
1.0047 	 10.0767 	 26.7480 	 17.7168 	 18.9304 	 4.7426 	 4.6687 	 0.2143 	 1678.8608 
1.0006 	 10.0222 	 26.6907 	 17.6367 	 18.5141 	 4.7684 	 4.6933 	 0.2135 	 1678.8614 
1.0007 	 10.0226 	 26.6919 	 17.6365 	 18.5145 	 4.7681 	 4.6931 	 0.2135 	 1678.8614 
11.2470 	 1.1362 	 0.8928 	 0.0355 	 11.0261 	 55.9864 	 31.5876 	 1.0000 	 2079.4417 
1.4133 	 12.0180 	 18.0603 	 18.2341 	 20.8254 	 3.8957 	 3.8681 	 0.2159 	 1678.9431 
13.6372 	 18.4901 	 0.5759 	 0.5687 	 0.1793 	 80.9442 	 33.2398 	 1.0000 	 2079.4415 
17.5469 	 17.6099 	 17.6164 	 17.6214 	 17.6268 	 0.8585 	 35.4439 	 0.2472 	 1681.8225 
1.0047 	 10.0771 	 26.7487 	 17.7173 	 18.9308 	 4.7425 	 4.6686 	 0.2143 	 1678.8608 
27.2911 	 27.1667 	 0.0809 	 27.3233 	 1.7163 	 0.0002 	 65.7441 	 0.5366 	 1780.9878 
32.6050 	 0.1764 	 32.6268 	 0.4647 	 3.9082 	 0.0032 	 83.3516 	 0.5357 	 1781.6750 
17.4178 	 17.4826 	 17.4893 	 17.4944 	 17.5000 	 0.8616 	 34.6016 	 0.2469 	 1681.8263 
1.5935 	 0.2233 	 8.0755 	 0.7812 	 0.1784 	 84.5182 	 78.7703 	 1.0000 	 2079.4415 
17.5864 	 17.6548 	 17.6619 	 17.6672 	 17.6731 	 0.8495 	 32.7997 	 0.2476 	 1681.8207 
1.0006 	 10.0224 	 26.6913 	 17.6366 	 18.5142 	 4.7683 	 4.6932 	 0.2135 	 1678.8614 
48.1873 	 48.3448 	 48.3735 	 8.0336 	 48.4010 	 0.0003 	 9.6449 	 0.4261 	 1735.0809 
1.0007 	 10.0223 	 26.6912 	 17.6366 	 18.5144 	 4.7683 	 4.6933 	 0.2135 	 1678.8614 
1.4133 	 12.0179 	 18.0606 	 18.2342 	 20.8256 	 3.8958 	 3.8682 	 0.2159 	 1678.9431 
28.8305 	 28.8674 	 2.2184 	 0.0682 	 4.7693 	 0.0007 	 39.3572 	 0.5485 	 1788.4563 
4.3840 	 0.2098 	 0.1734 	 30.3022 	 0.0159 	 78.1954 	 82.9944 	 1.0000 	 2079.4415 
0.0230 	 0.1129 	 0.2363 	 2.5535 	 0.0360 	 64.4880 	 9.5973 	 1.0000 	 2079.4415 
0.5439 	 5.6379 	 3.3746 	 15.2212 	 13.7544 	 30.0642 	 62.8832 	 1.0000 	 2079.4415 
0.0152 	 1.9699 	 0.3774 	 0.3478 	 14.2446 	 54.9360 	 55.2142 	 1.0000 	 2079.4415 
41.0746 	 0.0236 	 0.9215 	 0.2975 	 41.1216 	 0.0000 	 42.9473 	 0.5276 	 1774.3638 
26.3149 	 3.3046 	 0.6032 	 0.4768 	 0.0222 	 61.3672 	 3.8726 	 1.0000 	 2079.4415 
0.5491 	 0.0263 	 7.7133 	 7.6763 	 3.5826 	 13.4359 	 59.3616 	 1.0000 	 2079.4415 
24.5542 	 1.9752 	 6.5142 	 0.4221 	 0.3567 	 74.2596 	 7.5571 	 1.0000 	 2079.4415 
0.0435 	 0.2321 	 8.6577 	 6.9106 	 0.0191 	 35.8885 	 47.4163 	 1.0000 	 2079.4415 
1.6247 	 3.0040 	 0.1206 	 0.3555 	 0.0213 	 88.3412 	 15.0637 	 1.0000 	 2079.4415 
1.0007 	 10.0227 	 26.6917 	 17.6369 	 18.5143 	 4.7681 	 4.6931 	 0.2135 	 1678.8614 
1.0047 	 10.0766 	 26.7477 	 17.7167 	 18.9304 	 4.7427 	 4.6687 	 0.2143 	 1678.8608 
28.7455 	 28.7717 	 0.0325 	 13.3409 	 28.7830 	 0.0009 	 65.1089 	 0.4930 	 1764.0037 
0.3625 	 0.4891 	 8.3718 	 0.3148 	 0.0882 	 32.0959 	 41.0927 	 1.0000 	 2079.4415 
0.0378 	 10.4740 	 0.1586 	 0.1619 	 0.0475 	 38.5857 	 42.5849 	 1.0000 	 2079.4415 
17.4574 	 17.5360 	 17.5441 	 17.5503 	 17.5571 	 0.8651 	 28.6105 	 0.2469 	 1681.8236 
33.3147 	 0.8995 	 6.3314 	 33.3612 	 33.3659 	 0.0000 	 45.3822 	 0.4786 	 1753.7972 
4.3963 	 0.0865 	 1.2270 	 0.0161 	 0.3257 	 27.9896 	 14.6653 	 1.0000 	 2079.4415 
