0.0108 	 27.2803 	 25.5956 	 26.6604 	 27.0719 	 37.5109 	 36.6128 	 0.2055 	 1413.8872 
31.0124 	 11.7373 	 0.1185 	 10.3944 	 1.2082 	 43.6109 	 71.9435 	 1.0000 	 2079.4415 
0.0106 	 27.2801 	 25.5954 	 26.6602 	 27.0717 	 37.5113 	 36.6132 	 0.2055 	 1413.8872 
0.0107 	 27.2799 	 25.5952 	 26.6600 	 27.0715 	 37.5117 	 36.6136 	 0.2055 	 1413.8872 
29.0661 	 29.2816 	 29.3062 	 29.2886 	 29.2818 	 3.0567 	 50.6586 	 0.2860 	 1483.1393 
0.0106 	 27.2798 	 25.5955 	 26.6601 	 27.0715 	 37.5152 	 36.6170 	 0.2055 	 1413.8872 
35.1914 	 31.4620 	 31.0034 	 31.3549 	 31.4744 	 2.7830 	 0.0001 	 0.2909 	 1484.3325 
22.1095 	 0.1652 	 1.1885 	 0.0653 	 4.5410 	 22.9518 	 45.5361 	 1.0000 	 2079.4415 
13.4102 	 21.9764 	 0.8833 	 0.0404 	 0.0433 	 23.1946 	 75.6421 	 1.0000 	 2079.4417 
5.2863 	 0.0762 	 18.9721 	 0.1783 	 0.0527 	 22.5467 	 55.4427 	 1.0000 	 2079.4415 
0.0106 	 27.2801 	 25.5955 	 26.6602 	 27.0717 	 37.5118 	 36.6137 	 0.2055 	 1413.8872 
0.0106 	 27.2801 	 25.5954 	 26.6603 	 27.0717 	 37.5114 	 36.6133 	 0.2055 	 1413.8872 
35.1918 	 31.4623 	 31.0037 	 31.3552 	 31.4747 	 2.7830 	 0.0001 	 0.2909 	 1484.3325 
0.0101 	 27.2808 	 25.5968 	 26.6612 	 27.0725 	 37.5215 	 36.6231 	 0.2055 	 1413.8870 
0.0100 	 27.2790 	 25.5962 	 26.6597 	 27.0708 	 37.5339 	 36.6350 	 0.2055 	 1413.8870 
0.0266 	 24.4625 	 0.0155 	 5.4863 	 7.7149 	 78.2207 	 7.6152 	 1.0000 	 2079.4417 
0.1060 	 6.5005 	 0.4015 	 15.3272 	 0.0545 	 23.8766 	 13.1382 	 1.0000 	 2079.4415 
0.0125 	 27.2817 	 25.5933 	 26.6606 	 27.0728 	 37.4653 	 36.5689 	 0.2055 	 1413.8878 
28.8567 	 29.0223 	 29.0413 	 29.0279 	 29.0226 	 3.0686 	 64.9918 	 0.2856 	 1483.1646 
35.1920 	 31.4621 	 31.0034 	 31.3550 	 31.4745 	 2.7830 	 0.0004 	 0.2909 	 1484.3327 
3.1218 	 0.2455 	 0.0753 	 0.2752 	 0.0249 	 11.8194 	 84.7620 	 1.0000 	 2079.4415 
1.0969 	 0.0230 	 0.0754 	 0.1892 	 10.0177 	 1.5432 	 3.9689 	 1.0000 	 2079.4415 
0.0123 	 27.2806 	 25.5928 	 26.6596 	 27.0717 	 37.4720 	 36.5753 	 0.2055 	 1413.8877 
2.6890 	 0.0481 	 0.2076 	 1.6462 	 5.7231 	 7.3463 	 83.6243 	 1.0000 	 2079.4415 
0.0126 	 27.2801 	 25.5921 	 26.6591 	 27.0713 	 37.4684 	 36.5718 	 0.2055 	 1413.8878 
0.0127 	 27.2814 	 25.5928 	 26.6602 	 27.0725 	 37.4627 	 36.5664 	 0.2055 	 1413.8878 
0.0123 	 27.2805 	 25.5934 	 26.6598 	 27.0717 	 37.4805 	 36.5835 	 0.2055 	 1413.8877 
0.0355 	 0.4266 	 1.0431 	 5.8266 	 4.0827 	 76.3043 	 38.6203 	 1.0000 	 2079.4415 
14.6494 	 21.4743 	 0.3981 	 0.0484 	 0.1091 	 36.8100 	 53.5330 	 1.0000 	 2079.4415 
0.2294 	 0.3043 	 0.0972 	 0.0322 	 0.2377 	 31.0449 	 36.5522 	 1.0000 	 2079.4416 
0.0231 	 0.0899 	 6.7619 	 0.0167 	 18.7904 	 65.7414 	 43.9756 	 1.0000 	 2079.4415 
0.0125 	 27.2812 	 25.5934 	 26.6603 	 27.0724 	 37.4709 	 36.5743 	 0.2055 	 1413.8878 
0.0186 	 27.2797 	 25.5799 	 26.6533 	 27.0691 	 37.3239 	 36.4324 	 0.2055 	 1413.8899 
0.0105 	 27.2802 	 25.5959 	 26.6605 	 27.0719 	 37.5171 	 36.6189 	 0.2055 	 1413.8871 
0.0125 	 27.2812 	 25.5932 	 26.6602 	 27.0723 	 37.4700 	 36.5734 	 0.2055 	 1413.8878 
0.0106 	 27.2799 	 25.5952 	 26.6600 	 27.0715 	 37.5112 	 36.6131 	 0.2055 	 1413.8872 
6.2716 	 1.1190 	 0.0592 	 0.0871 	 12.1708 	 2.6878 	 44.0916 	 1.0000 	 2079.4415 
0.0106 	 27.2799 	 25.5953 	 26.6600 	 27.0715 	 37.5117 	 36.6136 	 0.2055 	 1413.8872 
0.0127 	 27.2806 	 25.5923 	 26.6595 	 27.0717 	 37.4651 	 36.5686 	 0.2055 	 1413.8878 
0.0123 	 27.2812 	 25.5938 	 26.6605 	 27.0725 	 37.4771 	 36.5803 	 0.2055 	 1413.8877 
0.0127 	 27.2808 	 25.5923 	 26.6596 	 27.0719 	 37.4626 	 36.5663 	 0.2055 	 1413.8878 
35.1916 	 31.4622 	 31.0035 	 31.3550 	 31.4746 	 2.7830 	 0.0001 	 0.2909 	 1484.3325 
35.1915 	 31.4617 	 31.0030 	 31.3545 	 31.4741 	 2.7830 	 0.0004 	 0.2909 	 1484.3327 
35.1913 	 31.4618 	 31.0032 	 31.3547 	 31.4743 	 2.7830 	 0.0001 	 0.2909 	 1484.3325 
0.0127 	 27.2819 	 25.5937 	 26.6609 	 27.0731 	 37.4668 	 36.5704 	 0.2055 	 1413.8878 
0.0124 	 27.2819 	 25.5941 	 26.6610 	 27.0731 	 37.4738 	 36.5771 	 0.2055 	 1413.8877 
0.0106 	 27.2801 	 25.5954 	 26.6602 	 27.0717 	 37.5115 	 36.6135 	 0.2055 	 1413.8872 
0.8695 	 0.0673 	 0.2709 	 1.4025 	 0.0833 	 26.2121 	 55.5099 	 1.0000 	 2079.4415 
29.0014 	 29.2005 	 29.2233 	 29.2070 	 29.2007 	 3.0586 	 54.5966 	 0.2859 	 1483.1471 
0.0106 	 27.2797 	 25.5951 	 26.6598 	 27.0713 	 37.5123 	 36.6142 	 0.2055 	 1413.8872 
