0.0317 	 48.9182 	 47.3508 	 84.1290 	 49.8218 	 2.4037 	 2.3553 	 0.1670 	 915.2472 
0.0391 	 60.2220 	 57.8446 	 199.7983 	 0.0101 	 1.7081 	 1.6806 	 0.1622 	 915.6859 
0.7685 	 0.7540 	 0.7586 	 0.6814 	 0.7552 	 1.4625 	 82.6874 	 0.1647 	 915.6340 
0.0557 	 4.7515 	 32.6950 	 1.2714 	 11.9508 	 38.3742 	 43.8326 	 1.0000 	 2079.4415 
0.0127 	 0.2747 	 0.0464 	 5.5557 	 0.1907 	 75.6569 	 65.3100 	 1.0000 	 2079.4415 
1.4292 	 173.4691 	 0.5771 	 194.4059 	 0.0275 	 0.9825 	 0.9770 	 0.1615 	 915.6282 
0.0569 	 0.0260 	 0.0173 	 0.0260 	 0.0294 	 2.0134 	 71.2319 	 0.1745 	 915.8081 
16.6024 	 6.7660 	 4.3513 	 7.4880 	 0.2327 	 55.5561 	 51.7939 	 1.0000 	 2079.4415 
0.0924 	 0.0831 	 0.7621 	 0.0668 	 6.9938 	 88.4042 	 2.7172 	 1.0000 	 2079.4415 
0.0236 	 6.8118 	 30.1247 	 0.0205 	 20.3730 	 1.6884 	 61.5426 	 1.0000 	 2079.4415 
0.9354 	 9.4372 	 8.5736 	 0.0100 	 0.0111 	 1.8128 	 1.6343 	 0.1388 	 915.3690 
0.0238 	 0.9659 	 23.2198 	 0.2127 	 0.3300 	 88.6165 	 75.3943 	 1.0000 	 2079.4415 
0.4388 	 0.4199 	 0.4256 	 0.4159 	 0.3546 	 1.5998 	 81.6074 	 0.1711 	 915.7050 
0.0220 	 0.2563 	 108.2723 	 0.0753 	 0.0748 	 57.5071 	 31.7101 	 1.0000 	 2079.4415 
3.7336 	 32.7280 	 0.1835 	 26.8411 	 0.1719 	 79.7844 	 40.9229 	 1.0000 	 2079.4415 
0.0403 	 47.2236 	 45.6837 	 58.6811 	 48.0603 	 2.4060 	 2.3558 	 0.1669 	 915.2475 
17.3275 	 5.2039 	 0.0214 	 0.2313 	 3.0702 	 65.6509 	 20.1962 	 1.0000 	 2079.4415 
0.3811 	 0.5601 	 0.6677 	 0.0834 	 0.0487 	 67.0229 	 73.9822 	 1.0000 	 2079.4416 
0.0337 	 45.3938 	 43.8882 	 77.5716 	 46.1680 	 2.4238 	 2.3712 	 0.1668 	 915.2476 
0.4929 	 0.0915 	 0.4804 	 0.4700 	 0.4765 	 1.6025 	 82.0594 	 0.1692 	 915.6718 
0.7726 	 0.7546 	 0.7604 	 0.5906 	 0.7561 	 1.4597 	 66.8227 	 0.1647 	 915.6344 
0.3756 	 14.3121 	 0.0341 	 0.5994 	 18.6026 	 81.7416 	 64.3516 	 1.0000 	 2079.4415 
0.0103 	 7.7948 	 7.3824 	 8.6070 	 9.5755 	 2.0715 	 1.5412 	 0.1750 	 915.8102 
0.4912 	 0.3767 	 0.4776 	 0.2218 	 0.4733 	 1.6037 	 75.3049 	 0.1692 	 915.6719 
1.3008 	 0.2972 	 0.5602 	 2.8815 	 26.9737 	 29.2139 	 75.3966 	 1.0000 	 2079.4415 
0.7967 	 0.7815 	 0.7863 	 0.5151 	 0.7827 	 1.4374 	 77.5592 	 0.1647 	 915.6341 
0.7689 	 0.7543 	 0.7589 	 0.4252 	 0.7555 	 1.4622 	 82.4942 	 0.1647 	 915.6340 
0.0249 	 45.4628 	 43.9638 	 49.4061 	 46.2300 	 2.4309 	 2.3783 	 0.1669 	 915.2475 
0.3601 	 0.7419 	 12.4429 	 0.1836 	 0.5294 	 86.3887 	 3.8397 	 1.0000 	 2079.4415 
0.4970 	 0.3545 	 0.4852 	 0.3379 	 0.4814 	 1.5979 	 85.9354 	 0.1692 	 915.6717 
1.2169 	 8.7649 	 0.6823 	 0.0100 	 0.1342 	 1.4537 	 1.2985 	 0.1420 	 915.8351 
0.0149 	 0.0126 	 0.0127 	 0.0127 	 14.2853 	 0.0000 	 80.0885 	 0.5247 	 1726.4890 
0.0215 	 0.1295 	 4.4323 	 7.5010 	 0.2513 	 61.2770 	 80.0710 	 1.0000 	 2079.4415 
0.0229 	 0.0429 	 3.2415 	 3.5628 	 3.6100 	 63.0597 	 53.3687 	 1.0000 	 2079.4415 
0.7612 	 0.7308 	 0.7405 	 0.6998 	 0.7332 	 1.4667 	 40.2767 	 0.1648 	 915.6358 
0.0421 	 46.4771 	 44.9406 	 51.3777 	 47.2968 	 2.3998 	 2.3490 	 0.1669 	 915.2478 
1.3127 	 0.0107 	 32.2383 	 45.0955 	 36.9975 	 0.9518 	 0.9256 	 0.1656 	 915.6193 
0.0255 	 33.7562 	 32.4748 	 42.5852 	 34.1913 	 2.4787 	 2.4066 	 0.1663 	 915.2512 
125.3752 	 125.3729 	 1.3602 	 1.7246 	 1.4941 	 0.0797 	 35.8768 	 0.1781 	 916.1467 
0.2241 	 20.2368 	 8.5416 	 9.9965 	 0.1719 	 53.1898 	 78.5218 	 1.0000 	 2079.4417 
0.7702 	 0.7556 	 0.7602 	 0.7336 	 0.7567 	 1.4610 	 82.1015 	 0.1647 	 915.6340 
0.0411 	 49.1429 	 47.5707 	 53.9829 	 50.0530 	 2.3945 	 2.3466 	 0.1669 	 915.2474 
0.0420 	 48.5854 	 47.0187 	 54.2384 	 49.4768 	 2.3931 	 2.3446 	 0.1669 	 915.2474 
0.4298 	 0.0552 	 14.9680 	 4.9752 	 13.0468 	 25.6005 	 60.5941 	 1.0000 	 2079.4415 
0.0278 	 0.2653 	 0.1001 	 2.2886 	 0.1068 	 80.1613 	 74.1616 	 1.0000 	 2079.4415 
77.3835 	 0.0218 	 77.3830 	 0.0346 	 0.0137 	 0.1021 	 79.2436 	 0.1778 	 915.8769 
11.2391 	 3.5547 	 0.0148 	 2.4499 	 0.3633 	 39.3737 	 10.5430 	 1.0000 	 2079.4415 
199.4132 	 1.4706 	 1.5072 	 199.3946 	 1.6444 	 0.0601 	 39.7666 	 0.1781 	 916.1632 
0.0361 	 50.0327 	 48.4520 	 56.4756 	 50.9741 	 2.3992 	 2.3520 	 0.1670 	 915.2472 
0.9358 	 9.4349 	 8.5714 	 0.0100 	 0.0110 	 1.8127 	 1.6342 	 0.1388 	 915.3690 
