0.2435 	 0.6483 	 1.6984 	 2.3319 	 2.7699 	 10.5647 	 10.4071 	 0.2571 	 1843.0340 
15.7954 	 0.2516 	 0.0158 	 2.3835 	 9.0602 	 87.3872 	 5.1475 	 1.0000 	 2079.4415 
0.1519 	 0.4797 	 1.3508 	 1.9319 	 2.3379 	 13.5098 	 12.5277 	 0.1965 	 1843.0526 
0.2173 	 0.5993 	 1.5983 	 2.2184 	 2.6488 	 11.3138 	 10.9650 	 0.2422 	 1843.0358 
21.2112 	 0.2470 	 0.0963 	 0.0372 	 0.2601 	 33.7377 	 11.8086 	 1.0000 	 2079.4415 
25.2453 	 0.0188 	 25.2702 	 0.0376 	 0.9135 	 0.0002 	 49.2630 	 0.6292 	 1883.9917 
0.0169 	 0.6297 	 1.3226 	 0.0708 	 9.0801 	 86.8373 	 76.0032 	 1.0000 	 2079.4415 
0.0100 	 8.1309 	 6.0106 	 2.7861 	 2.9774 	 12.4861 	 11.2439 	 0.3366 	 1843.5397 
0.0817 	 10.7902 	 16.4376 	 2.9955 	 3.6822 	 20.6764 	 51.8440 	 1.0000 	 2079.4415 
17.4511 	 0.0299 	 17.5810 	 0.3281 	 17.7005 	 0.0001 	 13.8278 	 0.5811 	 1867.1169 
21.2463 	 0.4962 	 21.2651 	 0.5800 	 3.2693 	 0.0001 	 69.9277 	 0.6292 	 1884.0438 
0.3297 	 16.9642 	 6.3062 	 24.0074 	 2.0994 	 3.3104 	 76.4134 	 1.0000 	 2079.4415 
35.6180 	 35.5251 	 35.7101 	 0.1872 	 7.8984 	 0.0000 	 11.4769 	 0.6294 	 1883.9357 
20.1484 	 1.9669 	 20.1649 	 0.3462 	 17.0817 	 0.0012 	 80.6260 	 0.6291 	 1884.0660 
0.2060 	 0.5799 	 1.5618 	 2.1794 	 2.6087 	 11.6169 	 11.1811 	 0.2365 	 1843.0374 
0.0105 	 48.0145 	 2.6085 	 3.8483 	 4.8414 	 7.5916 	 7.4504 	 0.3968 	 1844.5480 
5.8523 	 2.7034 	 1.4996 	 5.9752 	 6.0031 	 0.0001 	 38.5480 	 0.5533 	 1857.7391 
3.8990 	 3.9148 	 3.9492 	 3.9684 	 3.9811 	 1.2927 	 83.4168 	 0.4030 	 1843.1115 
11.7466 	 3.3309 	 1.9902 	 1.6935 	 11.8235 	 0.0001 	 52.1508 	 0.6067 	 1872.3602 
0.4770 	 8.7432 	 0.5351 	 0.4698 	 17.6206 	 25.6548 	 67.9922 	 1.0000 	 2079.4415 
5.8654 	 5.8135 	 1.4167 	 5.9792 	 6.0052 	 0.0006 	 41.5740 	 0.5533 	 1857.7398 
0.8755 	 0.4925 	 0.0142 	 0.1607 	 0.0403 	 71.4482 	 28.0127 	 1.0000 	 2079.4415 
0.0100 	 8.3034 	 6.1243 	 2.7989 	 3.0285 	 12.3429 	 11.1386 	 0.3391 	 1843.5368 
0.0105 	 47.9399 	 2.6083 	 3.8478 	 4.8409 	 7.5928 	 7.4514 	 0.3968 	 1844.5480 
0.0101 	 49.8997 	 2.6652 	 3.9217 	 4.9479 	 7.4843 	 7.3502 	 0.3988 	 1844.5459 
0.0100 	 8.3034 	 6.1243 	 2.7989 	 3.0285 	 12.3429 	 11.1386 	 0.3391 	 1843.5368 
11.4485 	 1.1362 	 0.8928 	 0.0354 	 10.7948 	 55.9857 	 31.5876 	 1.0000 	 2079.4415 
0.1657 	 0.5065 	 1.4099 	 2.0035 	 2.4167 	 12.9502 	 12.1337 	 0.2089 	 1843.0471 
15.1029 	 21.0755 	 0.5569 	 0.5498 	 0.1636 	 80.9867 	 33.2345 	 1.0000 	 2079.4415 
3.9020 	 3.9178 	 3.9522 	 3.9715 	 3.9842 	 1.2896 	 83.3458 	 0.4031 	 1843.1115 
0.2562 	 0.6707 	 1.7402 	 2.3771 	 2.8164 	 10.2568 	 10.1795 	 0.2628 	 1843.0342 
14.7753 	 11.9739 	 14.8307 	 0.9171 	 14.8823 	 0.0018 	 34.9365 	 0.5800 	 1867.1249 
21.5794 	 1.0080 	 21.5979 	 1.2210 	 1.1949 	 0.0063 	 70.2984 	 0.6292 	 1884.0597 
3.9037 	 3.9186 	 3.9510 	 3.9692 	 3.9812 	 1.2905 	 88.3876 	 0.4030 	 1843.1110 
1.6211 	 0.2233 	 8.0340 	 0.7808 	 0.1784 	 84.5163 	 78.7777 	 1.0000 	 2079.4415 
3.9006 	 3.9165 	 3.9510 	 3.9703 	 3.9830 	 1.2920 	 83.1382 	 0.4030 	 1843.1116 
0.0100 	 8.2987 	 6.1183 	 2.7972 	 3.0581 	 12.3355 	 11.1312 	 0.3394 	 1843.5365 
14.5502 	 24.5416 	 0.3814 	 0.0374 	 0.0970 	 36.7596 	 53.5361 	 1.0000 	 2079.4415 
0.2563 	 0.6708 	 1.7403 	 2.3771 	 2.8164 	 10.2567 	 10.1794 	 0.2628 	 1843.0342 
0.2793 	 0.7156 	 1.8316 	 2.4808 	 2.9273 	 9.6545 	 9.7143 	 0.2747 	 1843.0366 
12.4650 	 4.0126 	 1.3059 	 0.2074 	 12.6247 	 0.0001 	 24.3797 	 0.6069 	 1872.3590 
4.4243 	 0.2068 	 0.1736 	 30.2903 	 0.0163 	 78.2470 	 82.9741 	 1.0000 	 2079.4415 
0.0231 	 0.1124 	 0.2178 	 2.5528 	 0.0349 	 64.5769 	 9.6004 	 1.0000 	 2079.4415 
0.5395 	 5.6264 	 3.3704 	 15.1577 	 13.7008 	 30.0636 	 62.8828 	 1.0000 	 2079.4415 
0.0156 	 2.0230 	 0.3823 	 0.3543 	 13.6878 	 54.9736 	 55.2140 	 1.0000 	 2079.4415 
12.0566 	 0.7393 	 1.4890 	 0.7229 	 12.1507 	 0.0001 	 42.0542 	 0.6068 	 1872.3596 
26.5227 	 3.3018 	 0.6037 	 0.4773 	 0.0225 	 61.3690 	 3.8756 	 1.0000 	 2079.4417 
0.1806 	 0.5292 	 1.4488 	 2.0423 	 2.4548 	 12.5563 	 11.8722 	 0.2160 	 1843.0441 
24.7653 	 1.9762 	 6.5319 	 0.4213 	 0.3559 	 74.2609 	 7.5548 	 1.0000 	 2079.4415 
0.0436 	 0.2274 	 8.6554 	 6.9091 	 0.0194 	 35.8891 	 47.4152 	 1.0000 	 2079.4415 
