7.5159 	 4.2959 	 9.1254 	 8.6210 	 10.7390 	 29.0903 	 20.4072 	 0.0765 	 875.6344 
15.8099 	 0.2513 	 0.0156 	 2.3842 	 9.3873 	 87.3898 	 5.1457 	 1.0000 	 2079.4415 
7.5159 	 4.2959 	 9.1254 	 8.6210 	 10.7390 	 29.0903 	 20.4072 	 0.0765 	 875.6344 
7.5159 	 4.2959 	 9.1254 	 8.6210 	 10.7391 	 29.0903 	 20.4072 	 0.0765 	 875.6344 
17.9531 	 0.6132 	 0.1436 	 0.0430 	 0.4388 	 33.6703 	 13.5267 	 1.0000 	 2079.4415 
7.5159 	 4.2959 	 9.1254 	 8.6210 	 10.7390 	 29.0903 	 20.4072 	 0.0765 	 875.6344 
7.5158 	 4.2867 	 9.1231 	 8.6193 	 10.7344 	 29.0900 	 20.4077 	 0.0764 	 875.6344 
7.5159 	 4.2959 	 9.1254 	 8.6210 	 10.7390 	 29.0903 	 20.4072 	 0.0765 	 875.6344 
7.5159 	 4.2959 	 9.1254 	 8.6210 	 10.7390 	 29.0903 	 20.4072 	 0.0765 	 875.6344 
7.6182 	 4.2827 	 8.8845 	 8.4147 	 10.1340 	 28.3731 	 21.2585 	 0.0756 	 876.0826 
1.3649 	 8.4762 	 10.6619 	 6.1096 	 0.1540 	 40.7410 	 67.7254 	 1.0000 	 2079.4415 
8.6142 	 15.6723 	 9.1283 	 9.9966 	 8.6126 	 24.4900 	 24.4875 	 0.0958 	 888.7303 
7.5159 	 4.2959 	 9.1254 	 8.6210 	 10.7390 	 29.0903 	 20.4072 	 0.0765 	 875.6344 
7.5158 	 4.2867 	 9.1230 	 8.6193 	 10.7344 	 29.0900 	 20.4077 	 0.0764 	 875.6344 
0.0792 	 0.2701 	 0.0374 	 3.6347 	 6.9714 	 15.8217 	 15.3234 	 1.0000 	 2079.4415 
7.5159 	 4.2959 	 9.1254 	 8.6210 	 10.7390 	 29.0903 	 20.4072 	 0.0765 	 875.6344 
0.2864 	 0.7787 	 3.2771 	 11.7116 	 0.1514 	 58.5683 	 87.5587 	 1.0000 	 2079.4415 
7.5159 	 4.2959 	 9.1254 	 8.6210 	 10.7390 	 29.0903 	 20.4072 	 0.0765 	 875.6344 
7.5159 	 4.2959 	 9.1254 	 8.6210 	 10.7390 	 29.0903 	 20.4072 	 0.0765 	 875.6344 
0.0233 	 1.2447 	 16.2887 	 0.0480 	 0.6268 	 67.4985 	 4.0501 	 1.0000 	 2079.4415 
7.5159 	 4.2959 	 9.1254 	 8.6210 	 10.7390 	 29.0903 	 20.4072 	 0.0765 	 875.6344 
7.5158 	 4.2867 	 9.1231 	 8.6193 	 10.7344 	 29.0900 	 20.4077 	 0.0764 	 875.6344 
8.7756 	 0.0173 	 0.2793 	 3.7766 	 31.0995 	 10.8758 	 10.6452 	 1.0000 	 2079.4415 
7.5159 	 4.2959 	 9.1254 	 8.6210 	 10.7390 	 29.0903 	 20.4072 	 0.0765 	 875.6344 
7.5158 	 4.2867 	 9.1231 	 8.6193 	 10.7344 	 29.0900 	 20.4077 	 0.0764 	 875.6344 
0.1016 	 0.0491 	 0.1269 	 12.9037 	 1.6225 	 36.7318 	 16.4086 	 1.0000 	 2079.4415 
7.5158 	 4.2867 	 9.1231 	 8.6193 	 10.7344 	 29.0900 	 20.4077 	 0.0764 	 875.6344 
15.0564 	 0.3321 	 0.1531 	 1.3018 	 15.0564 	 63.1835 	 33.9595 	 0.1938 	 1225.4199 
13.5502 	 2.3663 	 2.2561 	 0.1974 	 0.0212 	 16.5543 	 10.2863 	 1.0000 	 2079.4415 
7.5159 	 4.2959 	 9.1254 	 8.6210 	 10.7390 	 29.0903 	 20.4072 	 0.0765 	 875.6344 
7.5159 	 4.2959 	 9.1254 	 8.6210 	 10.7390 	 29.0903 	 20.4072 	 0.0765 	 875.6344 
7.5159 	 4.2959 	 9.1254 	 8.6210 	 10.7390 	 29.0903 	 20.4072 	 0.0765 	 875.6344 
7.5159 	 4.2959 	 9.1254 	 8.6210 	 10.7390 	 29.0903 	 20.4072 	 0.0765 	 875.6344 
7.5158 	 4.2867 	 9.1231 	 8.6193 	 10.7344 	 29.0900 	 20.4077 	 0.0764 	 875.6344 
7.5159 	 4.2959 	 9.1254 	 8.6210 	 10.7390 	 29.0903 	 20.4072 	 0.0765 	 875.6344 
7.5158 	 4.2867 	 9.1231 	 8.6193 	 10.7344 	 29.0900 	 20.4077 	 0.0764 	 875.6344 
7.5159 	 4.2959 	 9.1254 	 8.6210 	 10.7390 	 29.0903 	 20.4072 	 0.0765 	 875.6344 
0.3774 	 17.0606 	 199.9660 	 16.6877 	 0.3774 	 67.6668 	 32.7954 	 0.4614 	 1483.3698 
0.0543 	 7.6698 	 36.9103 	 0.2930 	 0.0543 	 13.2432 	 85.5540 	 0.4507 	 1700.7639 
7.5159 	 4.2959 	 9.1254 	 8.6210 	 10.7390 	 29.0903 	 20.4072 	 0.0765 	 875.6344 
7.5159 	 4.2959 	 9.1254 	 8.6210 	 10.7390 	 29.0903 	 20.4072 	 0.0765 	 875.6344 
7.5158 	 4.2867 	 9.1231 	 8.6193 	 10.7344 	 29.0900 	 20.4077 	 0.0764 	 875.6344 
7.5158 	 4.2867 	 9.1231 	 8.6193 	 10.7344 	 29.0900 	 20.4077 	 0.0764 	 875.6344 
7.5159 	 4.2959 	 9.1254 	 8.6210 	 10.7391 	 29.0903 	 20.4072 	 0.0765 	 875.6344 
7.5159 	 4.2959 	 9.1254 	 8.6210 	 10.7390 	 29.0903 	 20.4072 	 0.0765 	 875.6344 
7.5159 	 4.2959 	 9.1254 	 8.6210 	 10.7391 	 29.0903 	 20.4072 	 0.0765 	 875.6344 
0.9276 	 8.6671 	 19.9190 	 14.0172 	 0.0393 	 1.9905 	 48.4538 	 1.0000 	 2079.4415 
7.5159 	 4.2959 	 9.1254 	 8.6210 	 10.7391 	 29.0903 	 20.4072 	 0.0765 	 875.6344 
7.5159 	 4.2959 	 9.1254 	 8.6210 	 10.7390 	 29.0903 	 20.4072 	 0.0765 	 875.6344 
7.5159 	 4.2959 	 9.1254 	 8.6210 	 10.7390 	 29.0903 	 20.4072 	 0.0765 	 875.6344 
