8627 	 1.1260 	 7.8611 	 1.1796 	 1.0301 	 78.9169 	 75.6827 	 0.2202 	 1194.3316 
3.5571 	 0.0474 	 0.2065 	 1.6468 	 5.7432 	 7.5410 	 83.6285 	 1.0000 	 2079.4415 
1.8369 	 40.8356 	 175.3657 	 43.2463 	 196.1266 	 75.5007 	 75.3714 	 0.2666 	 1193.9143 
9188 	 1.3353 	 0.0103 	 1.6167 	 1.0619 	 81.2430 	 71.5562 	 0.2347 	 1197.4475 
3.7101 	 1.3343 	 1.7719 	 0.9470 	 0.9815 	 21.1308 	 75.5246 	 1.0000 	 2079.4415 
4611 	 0.4396 	 0.3838 	 0.4427 	 0.4453 	 69.6339 	 0.0075 	 0.0001 	 1196.2164 
14.2585 	 22.1528 	 0.3942 	 0.0453 	 0.1062 	 36.8066 	 53.5337 	 1.0000 	 2079.4415 
2210 	 0.9181 	 0.1110 	 0.0355 	 0.2747 	 31.7930 	 36.4642 	 1.0000 	 2079.4415 
261 	 0.0912 	 6.6868 	 0.0186 	 18.3698 	 65.8275 	 43.9771 	 1.0000 	 2079.4415 
199.9956 	 23.2000 	 1.4381 	 1.0862 	 1.1070 	 55.9516 	 23.4442 	 0.2741 	 1199.0950 
1.2525 	 1.5653 	 199.5442 	 52.5979 	 1.4569 	 78.9460 	 78.8161 	 0.2509 	 1193.6148 
161.0336 	 0.7519 	 2.4226 	 160.6983 	 161.1621 	 56.0763 	 13.2128 	 0.2727 	 1196.6369 
199.2081 	 199.9163 	 199.0341 	 199.8439 	 198.8563 	 55.9534 	 71.8995 	 0.2714 	 1193.3102 
198.8983 	 199.7009 	 198.6970 	 199.6033 	 198.4916 	 55.9544 	 69.7454 	 0.2714 	 1193.3112 
7.1405 	 1.1162 	 0.0558 	 0.0834 	 12.5166 	 2.6896 	 44.0915 	 1.0000 	 2079.4415 
199.9945 	 1.3584 	 1.3882 	 1.5561 	 1.3547 	 55.9516 	 43.6474 	 0.2741 	 1199.0950 
198.8848 	 199.6887 	 198.6826 	 199.5925 	 198.4763 	 55.9544 	 69.6851 	 0.2714 	 1193.3113 
4611 	 0.4396 	 0.3838 	 0.4427 	 0.4453 	 69.6339 	 0.0073 	 0.0001 	 1196.2164 
130.6317 	 3.1758 	 4.5534 	 41.3054 	 199.5922 	 56.0231 	 55.9417 	 0.2684 	 1194.8103 
134.6644 	 1.4816 	 134.7662 	 134.0245 	 134.8402 	 56.2057 	 25.3735 	 0.2714 	 1193.5719 
180.3093 	 1.8032 	 199.9901 	 68.8695 	 1.6550 	 55.9480 	 55.8100 	 0.2642 	 1193.4847 
199.9774 	 1.2191 	 1.5468 	 198.8692 	 1.5130 	 55.9515 	 37.1510 	 0.2734 	 1197.2535 
1.2378 	 1.5513 	 199.5407 	 55.4569 	 1.4422 	 79.1272 	 78.9964 	 0.2508 	 1193.6131 
198.8885 	 199.7020 	 198.6843 	 199.6060 	 198.4757 	 55.9540 	 69.5414 	 0.2714 	 1193.3113 
198.0596 	 3.5352 	 5.0945 	 59.9758 	 7.0867 	 55.9972 	 55.9541 	 0.2689 	 1195.0801 
8657 	 0.0732 	 0.2719 	 1.2596 	 0.0890 	 26.2365 	 55.5132 	 1.0000 	 2079.4415 
9.9738 	 28.8973 	 3.8313 	 0.1700 	 1.1771 	 9.9185 	 81.5541 	 1.0000 	 2079.4415 
199.8386 	 3.6378 	 199.9976 	 2.1196 	 1.5170 	 55.9515 	 38.5151 	 0.2728 	 1195.8403 
180.3352 	 1.8003 	 199.9901 	 69.7542 	 1.6517 	 55.9478 	 55.8096 	 0.2641 	 1193.4847 
8627 	 1.1260 	 7.8604 	 1.1796 	 1.0301 	 78.9171 	 75.6826 	 0.2202 	 1194.3316 
199.9723 	 0.7431 	 0.9358 	 3.5120 	 2.0300 	 55.9517 	 18.0075 	 0.2741 	 1199.0950 
4612 	 0.4397 	 0.3838 	 0.4427 	 0.4454 	 69.6339 	 0.0092 	 0.0001 	 1196.2164 
1.8351 	 39.1108 	 175.9936 	 41.1490 	 196.7814 	 75.5268 	 75.3978 	 0.2666 	 1193.9133 
1.4472 	 1.3855 	 0.6520 	 0.3650 	 1.4046 	 77.6781 	 4.4610 	 0.2556 	 1198.9688 
199.9779 	 6.3558 	 0.7850 	 1.8953 	 1.6145 	 55.9517 	 49.8191 	 0.2741 	 1199.0950 
199.8075 	 10.8624 	 199.9848 	 19.2058 	 0.6870 	 55.9517 	 40.3217 	 0.2728 	 1195.8404 
198.0439 	 3.5354 	 5.1071 	 60.5736 	 7.1455 	 56.0185 	 55.9756 	 0.2689 	 1195.0800 
8591 	 1.1229 	 7.8624 	 1.1763 	 1.0267 	 78.9649 	 75.7260 	 0.2202 	 1194.3316 
4991 	 3.7177 	 3.2839 	 20.0936 	 0.0634 	 63.7655 	 21.2684 	 1.0000 	 2079.4415 
1.2579 	 1.5707 	 199.9094 	 55.9430 	 1.4623 	 78.8769 	 78.7476 	 0.2509 	 1193.6147 
1.7891 	 2.1213 	 3.4980 	 90.4145 	 2.0537 	 70.6242 	 70.5749 	 0.2518 	 1195.4909 
199.4887 	 1.6437 	 0.8561 	 197.9300 	 199.9111 	 55.9525 	 42.6644 	 0.2727 	 1196.5747 
165.7017 	 1.7617 	 183.4327 	 69.2006 	 199.9465 	 56.0028 	 55.8388 	 0.2685 	 1193.2216 
1.6110 	 43.1675 	 199.5470 	 54.6590 	 1.8822 	 76.8628 	 76.7431 	 0.2616 	 1194.1404 
198.9021 	 199.6919 	 198.7006 	 199.6036 	 198.4948 	 55.9536 	 69.7217 	 0.2714 	 1193.3112 
66.4983 	 7.0612 	 10.6319 	 199.8244 	 20.9397 	 57.9778 	 58.0016 	 0.2700 	 1195.3198 
1.2447 	 1.5577 	 199.5397 	 58.6639 	 1.4486 	 79.0472 	 78.9168 	 0.2508 	 1193.6137 
1.6187 	 1.9964 	 174.0992 	 41.2645 	 193.7377 	 76.6206 	 76.4840 	 0.2611 	 1193.6226 
8.2609 	 0.3364 	 13.8188 	 0.2457 	 5.2837 	 35.7247 	 72.7637 	 1.0000 	 2079.4415 
9087 	 1.3400 	 0.0100 	 1.6206 	 1.0765 	 81.3382 	 71.6529 	 0.2348 	 1197.4474 
