102 	 0.0102 	 1.6014 	 21.4139 	 0.4652 	 85.0135 	 84.5090 	 0.4945 	 1726.4185 
101 	 0.0100 	 0.3852 	 0.0206 	 0.2187 	 74.9347 	 63.9250 	 0.2995 	 1727.1954 
9279 	 0.2228 	 0.0108 	 0.0101 	 2.2637 	 77.8368 	 64.5687 	 0.5039 	 1726.0486 
9449 	 0.2226 	 0.0107 	 0.0101 	 2.2580 	 77.5993 	 64.3186 	 0.5039 	 1726.0486 
9477 	 0.2503 	 2.6339 	 0.0101 	 4.5217 	 82.3440 	 74.1718 	 0.5109 	 1726.4641 
9466 	 0.2500 	 2.6484 	 0.0101 	 4.5156 	 82.3437 	 74.1610 	 0.5109 	 1726.4642 
192.5857 	 0.3224 	 7.6295 	 0.0921 	 1.6890 	 56.0406 	 55.8641 	 0.5248 	 1726.9844 
837 	 0.0563 	 0.0189 	 0.0102 	 0.0582 	 84.0066 	 2.3219 	 0.4955 	 1726.4284 
9416 	 0.2226 	 0.0107 	 0.0101 	 2.2583 	 77.6449 	 64.3661 	 0.5039 	 1726.0486 
842 	 0.0566 	 0.0189 	 0.0102 	 0.0585 	 84.0041 	 2.8018 	 0.4955 	 1726.4284 
3828 	 5.8979 	 4.3574 	 17.4833 	 0.0768 	 63.5997 	 21.2562 	 1.0000 	 2079.4415 
1.5790 	 155.2229 	 118.4636 	 98.5301 	 2.0243 	 67.6913 	 67.6931 	 0.5115 	 1726.3952 
10.4033 	 4.2151 	 0.0837 	 1.4927 	 1.1593 	 48.6395 	 78.2967 	 1.0000 	 2079.4415 
199.9520 	 1.5975 	 1.3613 	 0.9289 	 1.2547 	 56.2062 	 48.7366 	 0.5249 	 1726.9841 
199.8082 	 0.8381 	 1.4419 	 1.4042 	 2.6902 	 56.2066 	 43.3066 	 0.5249 	 1726.9843 
1.5776 	 153.7469 	 117.1916 	 97.7630 	 2.0225 	 67.7180 	 67.7200 	 0.5115 	 1726.3952 
1.5776 	 154.8847 	 117.1762 	 97.8126 	 2.0225 	 67.7178 	 67.7195 	 0.5115 	 1726.3952 
1.5775 	 154.0069 	 117.9967 	 97.0603 	 2.0223 	 67.7190 	 67.7209 	 0.5115 	 1726.3952 
1.5775 	 153.9360 	 117.6019 	 97.8249 	 2.0223 	 67.7191 	 67.7210 	 0.5115 	 1726.3952 
9418 	 0.2227 	 0.0107 	 0.0101 	 2.2623 	 77.6452 	 64.3691 	 0.5039 	 1726.0486 
1.5776 	 154.4443 	 117.3343 	 97.9478 	 2.0225 	 67.7175 	 67.7194 	 0.5115 	 1726.3952 
2968 	 0.0625 	 6.1844 	 21.8810 	 0.1516 	 60.4740 	 39.4735 	 1.0000 	 2079.4416 
9427 	 0.2226 	 0.0111 	 0.0101 	 2.2583 	 77.6313 	 64.3531 	 0.5039 	 1726.0486 
1.2298 	 4.4463 	 19.0723 	 3.6063 	 12.7163 	 75.9668 	 81.9383 	 0.5176 	 1726.9335 
2559 	 0.8784 	 1.9737 	 0.3590 	 0.6054 	 46.3136 	 13.8301 	 1.0000 	 2079.4415 
9317 	 0.2216 	 0.0122 	 0.0101 	 2.2519 	 77.7451 	 64.4328 	 0.5038 	 1726.0487 
1.5776 	 154.0282 	 117.4894 	 98.2316 	 2.0225 	 67.7180 	 67.7199 	 0.5115 	 1726.3952 
1.5775 	 153.8461 	 117.2084 	 97.2423 	 2.0224 	 67.7188 	 67.7208 	 0.5115 	 1726.3952 
6.4267 	 4.6707 	 4.1615 	 0.2597 	 2.0803 	 15.8494 	 63.5362 	 1.0000 	 2079.4415 
102 	 0.0102 	 1.5899 	 21.0946 	 0.4670 	 84.9761 	 84.4657 	 0.4942 	 1726.4186 
9403 	 0.2229 	 0.0106 	 0.0101 	 2.2630 	 77.6673 	 64.3946 	 0.5039 	 1726.0486 
9243 	 0.2228 	 0.0107 	 0.0101 	 2.2602 	 77.8849 	 64.6170 	 0.5039 	 1726.0485 
23.3601 	 0.1652 	 1.1885 	 0.0654 	 4.5404 	 22.9778 	 45.5361 	 1.0000 	 2079.4415 
14.1268 	 18.1934 	 0.9034 	 0.0578 	 0.0606 	 23.2418 	 75.6095 	 1.0000 	 2079.4415 
7.5569 	 0.0742 	 19.3935 	 0.1755 	 0.0509 	 22.6124 	 55.4435 	 1.0000 	 2079.4415 
1.5775 	 153.7436 	 116.3822 	 97.0088 	 2.0224 	 67.7183 	 67.7202 	 0.5115 	 1726.3952 
102 	 0.0102 	 1.5898 	 21.0032 	 0.4668 	 84.9761 	 84.4657 	 0.4942 	 1726.4186 
9210 	 0.2229 	 0.0108 	 0.0101 	 2.2644 	 77.9327 	 64.6689 	 0.5039 	 1726.0486 
9245 	 0.2228 	 0.0107 	 0.0101 	 2.2642 	 77.8844 	 64.6196 	 0.5039 	 1726.0485 
1.7515 	 0.9816 	 0.9403 	 0.1397 	 1.9634 	 69.0571 	 43.1684 	 0.5111 	 1726.4324 
269 	 24.3140 	 0.0166 	 5.4747 	 7.6935 	 78.2325 	 7.6173 	 1.0000 	 2079.4415 
1073 	 6.5802 	 0.3796 	 15.6772 	 0.0518 	 23.8952 	 13.1293 	 1.0000 	 2079.4415 
199.9616 	 1.3705 	 1.3283 	 1.4467 	 1.2768 	 56.2062 	 31.7848 	 0.5249 	 1726.9841 
199.9520 	 0.1261 	 6.2213 	 6.7527 	 35.3864 	 56.2062 	 45.0310 	 0.5249 	 1726.9841 
9347 	 0.2227 	 0.0107 	 0.0101 	 2.2591 	 77.7400 	 64.4656 	 0.5039 	 1726.0485 
6.0924 	 0.2457 	 0.0754 	 0.2753 	 0.0250 	 11.9951 	 84.7615 	 1.0000 	 2079.4415 
1.2208 	 1.2284 	 0.2853 	 0.3818 	 7.6480 	 2.9698 	 4.8294 	 1.0000 	 2079.4417 
1.5796 	 153.8662 	 117.2892 	 97.4078 	 2.0249 	 67.6828 	 67.6850 	 0.5115 	 1726.3952 
3.3994 	 0.0475 	 0.2067 	 1.6467 	 5.7397 	 7.4844 	 83.6277 	 1.0000 	 2079.4415 
100 	 0.0231 	 0.1168 	 0.1291 	 0.0464 	 73.5997 	 89.9986 	 0.2964 	 1726.5867 
