100 	 0.5115 	 9.4493 	 6.3149 	 3.3883 	 15.5850 	 14.4399 	 0.3149 	 1899.6417 
15.7593 	 0.2518 	 0.0160 	 2.3830 	 9.0524 	 87.3852 	 5.1484 	 1.0000 	 2079.4415 
681 	 1.9821 	 3.1766 	 5.4485 	 5.8212 	 4.4205 	 5.3054 	 0.4164 	 1898.6600 
759 	 1.9989 	 3.1921 	 5.4590 	 5.8334 	 4.3473 	 5.2436 	 0.4172 	 1898.6599 
21.1360 	 0.2469 	 0.0963 	 0.0372 	 0.2600 	 33.7362 	 11.8085 	 1.0000 	 2079.4415 
8.3396 	 0.9427 	 1.5874 	 8.4237 	 8.4384 	 0.0001 	 86.6534 	 0.6056 	 1917.2968 
169 	 0.6255 	 1.3483 	 0.0698 	 9.0787 	 86.8894 	 76.0189 	 1.0000 	 2079.4415 
100 	 0.5130 	 9.5368 	 6.3505 	 3.3874 	 15.5400 	 14.4067 	 0.3160 	 1899.6415 
798 	 10.8772 	 16.6128 	 3.0031 	 3.6943 	 20.6678 	 51.8443 	 1.0000 	 2079.4415 
561 	 1.9951 	 3.2051 	 5.5005 	 5.8742 	 4.3689 	 5.2447 	 0.4180 	 1898.6594 
5467 	 8.5083 	 10.7093 	 6.1276 	 0.1504 	 40.6596 	 67.6864 	 1.0000 	 2079.4415 
100 	 0.5160 	 9.5626 	 6.3538 	 3.4091 	 15.4916 	 14.3659 	 0.3167 	 1899.6425 
1.1484 	 2.8934 	 1.0458 	 7.8254 	 8.3371 	 0.0001 	 1.1558 	 0.5863 	 1916.3531 
5.5571 	 5.5918 	 5.6140 	 5.6573 	 5.6728 	 0.0272 	 86.5595 	 0.4733 	 1899.2381 
100 	 0.7318 	 1.3622 	 7.4279 	 3.6849 	 13.9421 	 13.1595 	 0.2918 	 1899.7383 
13.9849 	 0.9102 	 0.0169 	 0.0191 	 7.0279 	 40.6029 	 34.4405 	 1.0000 	 2079.4415 
7888 	 0.2263 	 3.3018 	 11.9780 	 0.1224 	 58.0938 	 87.5225 	 1.0000 	 2079.4415 
1.1508 	 0.2989 	 0.1292 	 0.0902 	 4.8147 	 89.3405 	 16.7980 	 1.0000 	 2079.4415 
505 	 31.9359 	 6.9017 	 0.3221 	 3.8074 	 44.8434 	 72.8065 	 1.0000 	 2079.4415 
100 	 13.1052 	 11.2743 	 7.1529 	 4.0385 	 14.1405 	 13.2394 	 0.4125 	 1907.4563 
4.9971 	 0.9605 	 0.0483 	 0.5880 	 0.6903 	 89.2807 	 76.9275 	 1.0000 	 2079.4415 
676 	 2.0181 	 3.2244 	 5.5088 	 5.8815 	 4.2705 	 5.1639 	 0.4188 	 1898.6595 
100 	 13.2279 	 11.3634 	 7.2039 	 4.0985 	 14.0415 	 13.1550 	 0.4137 	 1907.4582 
7.0804 	 2.2755 	 7.1107 	 0.6560 	 7.1865 	 0.0001 	 87.5755 	 0.6581 	 1946.8621 
6.7050 	 0.0574 	 0.5383 	 0.1104 	 0.2405 	 59.5524 	 15.3134 	 1.0000 	 2079.4415 
100 	 0.7364 	 1.3709 	 7.3661 	 3.7086 	 13.8908 	 13.1143 	 0.2924 	 1899.7405 
576 	 1.9951 	 3.2058 	 5.4997 	 5.8733 	 4.3686 	 5.2450 	 0.4179 	 1898.6594 
1.8598 	 0.3332 	 0.1540 	 1.3236 	 17.7910 	 63.1715 	 33.9649 	 1.0000 	 2079.4415 
17.6020 	 0.8433 	 0.8251 	 0.1306 	 0.0209 	 16.3279 	 8.3820 	 1.0000 	 2079.4415 
15.3037 	 1.5648 	 1.3122 	 15.4381 	 1.8143 	 0.0000 	 42.7286 	 0.6887 	 1954.6644 
647 	 1.9740 	 3.1694 	 5.4480 	 5.8212 	 4.4566 	 5.3344 	 0.4161 	 1898.6600 
222 	 2.2130 	 0.1450 	 9.3137 	 10.5703 	 85.9447 	 43.9081 	 1.0000 	 2079.4415 
1155 	 0.2786 	 4.9620 	 0.1390 	 0.2493 	 57.1504 	 82.2643 	 1.0000 	 2079.4417 
15.2951 	 1.4938 	 1.3718 	 15.3994 	 10.2110 	 0.0002 	 55.1353 	 0.6887 	 1954.6653 
674 	 1.9818 	 3.1764 	 5.4487 	 5.8214 	 4.4207 	 5.3054 	 0.4165 	 1898.6600 
7.4505 	 1.4305 	 7.4939 	 7.5373 	 7.5512 	 0.0001 	 88.3973 	 0.5448 	 1905.3390 
100 	 12.8631 	 11.0804 	 7.1056 	 3.9819 	 14.2859 	 13.3598 	 0.4103 	 1907.4578 
1.7925 	 3.6929 	 1.1429 	 3.6856 	 0.8216 	 67.7175 	 31.2895 	 1.0000 	 2079.4415 
377 	 7.8653 	 1.6378 	 4.1074 	 7.0316 	 6.0219 	 85.5497 	 1.0000 	 2079.4415 
7.6947 	 0.6514 	 8.6370 	 0.0385 	 0.4225 	 55.4172 	 83.9320 	 1.0000 	 2079.4416 
12.2437 	 1.1751 	 1.1774 	 9.1850 	 0.0393 	 79.6182 	 36.7028 	 1.0000 	 2079.4415 
681 	 1.9821 	 3.1766 	 5.4485 	 5.8212 	 4.4205 	 5.3054 	 0.4164 	 1898.6600 
679 	 1.9820 	 3.1765 	 5.4485 	 5.8212 	 4.4206 	 5.3054 	 0.4164 	 1898.6600 
1.7520 	 3.8630 	 8.1806 	 8.4416 	 0.1130 	 28.2685 	 46.7443 	 1.0000 	 2079.4415 
579 	 1.9953 	 3.2058 	 5.4996 	 5.8732 	 4.3685 	 5.2449 	 0.4179 	 1898.6594 
2.5351 	 3.7210 	 4.3547 	 5.5546 	 5.8359 	 0.6859 	 3.4201 	 0.4516 	 1899.0172 
1.3184 	 9.6482 	 24.8583 	 16.4373 	 0.3095 	 0.6056 	 48.6767 	 1.0000 	 2079.4415 
100 	 0.5081 	 9.4400 	 6.3271 	 3.3406 	 15.6409 	 14.4892 	 0.3140 	 1899.6423 
4917 	 23.7233 	 14.1671 	 0.2818 	 0.6507 	 31.2357 	 55.9947 	 1.0000 	 2079.4415 
5.0630 	 0.0300 	 8.0398 	 0.0159 	 0.2967 	 65.7387 	 70.3884 	 1.0000 	 2079.4415 
